3c011001
8c2b0030
200d0030
20040000
20050001
20060002
20070003
200c0000
11acfffe
8d880000
ac087ff0
8c097ff4
218c0004
200a0000
114bfff9
11240003
11250004
11260005
11270006
214a0001
0810000e
214a0004
0810000e
214a0010
0810000e
214a0040
0810000e
00000000
00000000
00000000
00000000
00000000
00000000
00000000
00000000
00000000
00000000
00000000
00000000
00000000
00000000
00000000
00000000
00000000
00000000
00000000
00000000
00000000
00000000
00000000
00000000
00000000
00000000
00000000
00000000
00000000
00000000
00000000
00000000
00000000
00000000
00000000
00000000
00000000
